0,0106848937760631890000000000000000000000000000000000000000000000000000000000000000000000000000000000
0,0027202715557819996000000000000000000000000000000000000000000000000000000000000000000000000000000000
0,0020931420246169860000000000000000000000000000000000000000000000000000000000000000000000000000000000
0,0017842414375471862000000000000000000000000000000000000000000000000000000000000000000000000000000000
0,0015938119734606550000000000000000000000000000000000000000000000000000000000000000000000000000000000
0,0014623078333691590000000000000000000000000000000000000000000000000000000000000000000000000000000000
0,0013636741918378792000000000000000000000000000000000000000000000000000000000000000000000000000000000
0,0012843255218109811000000000000000000000000000000000000000000000000000000000000000000000000000000000
0,0012162532178345830000000000000000000000000000000000000000000000000000000000000000000000000000000000
0,0011541996775216240000000000000000000000000000000000000000000000000000000000000000000000000000000000
0,0010943817289861156000000000000000000000000000000000000000000000000000000000000000000000000000000000
0,0010339641331958028000000000000000000000000000000000000000000000000000000000000000000000000000000000
0,0009710200035699130000000000000000000000000000000000000000000000000000000000000000000000000000000000
0,0009048437004106288000000000000000000000000000000000000000000000000000000000000000000000000000000000
0,0008363259708074223000000000000000000000000000000000000000000000000000000000000000000000000000000000
0,0007678463033977955000000000000000000000000000000000000000000000000000000000000000000000000000000000
0,0007023560404838808000000000000000000000000000000000000000000000000000000000000000000000000000000000
0,0006421915214833362000000000000000000000000000000000000000000000000000000000000000000000000000000000
0,0005884950141137956000000000000000000000000000000000000000000000000000000000000000000000000000000000
0,0005413693740576952000000000000000000000000000000000000000000000000000000000000000000000000000000000
0,0005003078344906069000000000000000000000000000000000000000000000000000000000000000000000000000000000
0,0004645582508742399000000000000000000000000000000000000000000000000000000000000000000000000000000000
0,0004333389466353765500000000000000000000000000000000000000000000000000000000000000000000000000000000
0,0004059381858431666500000000000000000000000000000000000000000000000000000000000000000000000000000000
0,0003817464606107596300000000000000000000000000000000000000000000000000000000000000000000000000000000
0,0003602568794049969400000000000000000000000000000000000000000000000000000000000000000000000000000000
0,0003410532284038209400000000000000000000000000000000000000000000000000000000000000000000000000000000
0,0003237950008449355000000000000000000000000000000000000000000000000000000000000000000000000000000000
0,0003082032314578184600000000000000000000000000000000000000000000000000000000000000000000000000000000
0,0002940484022724236400000000000000000000000000000000000000000000000000000000000000000000000000000000
0,0002811405897591468000000000000000000000000000000000000000000000000000000000000000000000000000000000
0,0002693216153683360300000000000000000000000000000000000000000000000000000000000000000000000000000000
0,0002584588529477487600000000000000000000000000000000000000000000000000000000000000000000000000000000
0,0002484403567387239600000000000000000000000000000000000000000000000000000000000000000000000000000000
0,0002391710231844535000000000000000000000000000000000000000000000000000000000000000000000000000000000
0,0002305695557572119700000000000000000000000000000000000000000000000000000000000000000000000000000000
0,0002225660523040422500000000000000000000000000000000000000000000000000000000000000000000000000000000
0,0002151000757216093700000000000000000000000000000000000000000000000000000000000000000000000000000000
0,0002081191012715978700000000000000000000000000000000000000000000000000000000000000000000000000000000
0,0002015772588589588000000000000000000000000000000000000000000000000000000000000000000000000000000000
0,0001954343076331002800000000000000000000000000000000000000000000000000000000000000000000000000000000
0,0001896547946985789300000000000000000000000000000000000000000000000000000000000000000000000000000000
0,0001842073606481830600000000000000000000000000000000000000000000000000000000000000000000000000000000
0,0001790641629230980700000000000000000000000000000000000000000000000000000000000000000000000000000000
0,0001742003943199799400000000000000000000000000000000000000000000000000000000000000000000000000000000
0,0001695938787966543200000000000000000000000000000000000000000000000000000000000000000000000000000000
0,0001652247304446885400000000000000000000000000000000000000000000000000000000000000000000000000000000
0,0001610750643718260600000000000000000000000000000000000000000000000000000000000000000000000000000000
0,0001571287504739111000000000000000000000000000000000000000000000000000000000000000000000000000000000
0,0001533712028263357000000000000000000000000000000000000000000000000000000000000000000000000000000000
0,0001497891988030287500000000000000000000000000000000000000000000000000000000000000000000000000000000
0,0001463707231220482000000000000000000000000000000000000000000000000000000000000000000000000000000000
0,0001431048328855846000000000000000000000000000000000000000000000000000000000000000000000000000000000
0,0001399815403777840000000000000000000000000000000000000000000000000000000000000000000000000000000000
0,0001369917109436460400000000000000000000000000000000000000000000000000000000000000000000000000000000
0,0001341269737252258700000000000000000000000000000000000000000000000000000000000000000000000000000000
0,0001313796433996553800000000000000000000000000000000000000000000000000000000000000000000000000000000
0,0001287426513643515000000000000000000000000000000000000000000000000000000000000000000000000000000000
0,0001262094850616887700000000000000000000000000000000000000000000000000000000000000000000000000000000
0,0001237741343389182700000000000000000000000000000000000000000000000000000000000000000000000000000000
0,0001214310439075687300000000000000000000000000000000000000000000000000000000000000000000000000000000
0,0001191750711065568200000000000000000000000000000000000000000000000000000000000000000000000000000000
0,0001170014482900236200000000000000000000000000000000000000000000000000000000000000000000000000000000
0,0001149057492587275000000000000000000000000000000000000000000000000000000000000000000000000000000000
0,0001128838592359921800000000000000000000000000000000000000000000000000000000000000000000000000000000
0,0001109319479585295000000000000000000000000000000000000000000000000000000000000000000000000000000000
0,0001090464455110891700000000000000000000000000000000000000000000000000000000000000000000000000000000
0,0001072240205836328500000000000000000000000000000000000000000000000000000000000000000000000000000000
0,0001054615608721076000000000000000000000000000000000000000000000000000000000000000000000000000000000
0,0001037561553800568400000000000000000000000000000000000000000000000000000000000000000000000000000000
0,0001021050784092606200000000000000000000000000000000000000000000000000000000000000000000000000000000
0,0001005057750541863600000000000000000000000000000000000000000000000000000000000000000000000000000000
0,0000989558480379202300000000000000000000000000000000000000000000000000000000000000000000000000000000
0,0000974530457469728500000000000000000000000000000000000000000000000000000000000000000000000000000000
0,0000959952513394523000000000000000000000000000000000000000000000000000000000000000000000000000000000
0,0000945804728158940700000000000000000000000000000000000000000000000000000000000000000000000000000000
0,0000932068339549116100000000000000000000000000000000000000000000000000000000000000000000000000000000
0,0000918725660270357000000000000000000000000000000000000000000000000000000000000000000000000000000000
0,0000905760002098972300000000000000000000000000000000000000000000000000000000000000000000000000000000
0,0000893155606364646800000000000000000000000000000000000000000000000000000000000000000000000000000000
0,0000880897580155369800000000000000000000000000000000000000000000000000000000000000000000000000000000
0,0000868971837702925500000000000000000000000000000000000000000000000000000000000000000000000000000000
0,0000857365046464654400000000000000000000000000000000000000000000000000000000000000000000000000000000
0,0000846064577468472500000000000000000000000000000000000000000000000000000000000000000000000000000000
0,0000835058459532999300000000000000000000000000000000000000000000000000000000000000000000000000000000
0,0000824335337014624500000000000000000000000000000000000000000000000000000000000000000000000000000000
0,0000813884430768626100000000000000000000000000000000000000000000000000000000000000000000000000000000
0,0000803695502042710500000000000000000000000000000000000000000000000000000000000000000000000000000000
0,0000793758819049329000000000000000000000000000000000000000000000000000000000000000000000000000000000
0,0000784065125987740800000000000000000000000000000000000000000000000000000000000000000000000000000000
0,0000774605614308996600000000000000000000000000000000000000000000000000000000000000000000000000000000
0,0000765371896036746400000000000000000000000000000000000000000000000000000000000000000000000000000000
0,0000756355978974300700000000000000000000000000000000000000000000000000000000000000000000000000000000
0,0000747550243644269200000000000000000000000000000000000000000000000000000000000000000000000000000000
0,0000738947421821189700000000000000000000000000000000000000000000000000000000000000000000000000000000
0,0000730540576530271100000000000000000000000000000000000000000000000000000000000000000000000000000000
0,0000722323083396826100000000000000000000000000000000000000000000000000000000000000000000000000000000
0,0000714288613241154300000000000000000000000000000000000000000000000000000000000000000000000000000000
0,0000706431115823013100000000000000000000000000000000000000000000000000000000000000000000000000000000
0,0000698744804648042200000000000000000000000000000000000000000000000000000000000000000000000000000000
0,0000691224142756146300000000000000000000000000000000000000000000000000000000000000000000000000000000
0,0000683863829418596200000000000000000000000000000000000000000000000000000000000000000000000000000000
0,0000676658787676796200000000000000000000000000000000000000000000000000000000000000000000000000000000
0,0000669604152661297300000000000000000000000000000000000000000000000000000000000000000000000000000000
0,0000662695260634621600000000000000000000000000000000000000000000000000000000000000000000000000000000
0,0000655927638706176800000000000000000000000000000000000000000000000000000000000000000000000000000000
0,0000649296995171645000000000000000000000000000000000000000000000000000000000000000000000000000000000
0,0000642799210433069200000000000000000000000000000000000000000000000000000000000000000000000000000000
0,0000636430328459365300000000000000000000000000000000000000000000000000000000000000000000000000000000
0,0000630186548750074200000000000000000000000000000000000000000000000000000000000000000000000000000000
0,0000624064218768136000000000000000000000000000000000000000000000000000000000000000000000000000000000
0,0000618059826810059300000000000000000000000000000000000000000000000000000000000000000000000000000000
0,0000612169995284286200000000000000000000000000000000000000000000000000000000000000000000000000000000
0,0000606391474370754500000000000000000000000000000000000000000000000000000000000000000000000000000000
0,0000600721136036678000000000000000000000000000000000000000000000000000000000000000000000000000000000
0,0000595155968385421200000000000000000000000000000000000000000000000000000000000000000000000000000000
0,0000589693070317066560000000000000000000000000000000000000000000000000000000000000000000000000000000
0,0000584329646480768000000000000000000000000000000000000000000000000000000000000000000000000000000000
0,0000579063002500492540000000000000000000000000000000000000000000000000000000000000000000000000000000
0,0000573890540457025940000000000000000000000000000000000000000000000000000000000000000000000000000000
0,0000568809754610340100000000000000000000000000000000000000000000000000000000000000000000000000000000
0,0000563818227347550300000000000000000000000000000000000000000000000000000000000000000000000000000000
0,0000558913625342688240000000000000000000000000000000000000000000000000000000000000000000000000000000
0,0000554093695915504840000000000000000000000000000000000000000000000000000000000000000000000000000000
0,0000549356263577378700000000000000000000000000000000000000000000000000000000000000000000000000000000
0,0000544699226753193800000000000000000000000000000000000000000000000000000000000000000000000000000000
0,0000540120554668833700000000000000000000000000000000000000000000000000000000000000000000000000000000
0,0000535618284394609640000000000000000000000000000000000000000000000000000000000000000000000000000000
0,0000531190518035591000000000000000000000000000000000000000000000000000000000000000000000000000000000
0,0000526835420060384700000000000000000000000000000000000000000000000000000000000000000000000000000000
0,0000522551214760480700000000000000000000000000000000000000000000000000000000000000000000000000000000
0,0000518336183832779640000000000000000000000000000000000000000000000000000000000000000000000000000000
0,0000514188664078387040000000000000000000000000000000000000000000000000000000000000000000000000000000
0,0000510107045211211700000000000000000000000000000000000000000000000000000000000000000000000000000000
0,0000506089767770290000000000000000000000000000000000000000000000000000000000000000000000000000000000
0,0000502135321130179500000000000000000000000000000000000000000000000000000000000000000000000000000000
0,0000498242241604067000000000000000000000000000000000000000000000000000000000000000000000000000000000
0,0000494409110634600200000000000000000000000000000000000000000000000000000000000000000000000000000000
0,0000490634553067750650000000000000000000000000000000000000000000000000000000000000000000000000000000
0,0000486917235505285660000000000000000000000000000000000000000000000000000000000000000000000000000000
0,0000483255864731721250000000000000000000000000000000000000000000000000000000000000000000000000000000
0,0000479649186211840200000000000000000000000000000000000000000000000000000000000000000000000000000000
0,0000476095982655128200000000000000000000000000000000000000000000000000000000000000000000000000000000
0,0000472595072643656200000000000000000000000000000000000000000000000000000000000000000000000000000000
0,0000469145309320185560000000000000000000000000000000000000000000000000000000000000000000000000000000
0,0000465745579133415700000000000000000000000000000000000000000000000000000000000000000000000000000000
0,0000462394800637504600000000000000000000000000000000000000000000000000000000000000000000000000000000
0,0000459091923343136540000000000000000000000000000000000000000000000000000000000000000000000000000000
0,0000455835926617575140000000000000000000000000000000000000000000000000000000000000000000000000000000
0,0000452625818631283700000000000000000000000000000000000000000000000000000000000000000000000000000000
0,0000449460635348829900000000000000000000000000000000000000000000000000000000000000000000000000000000
0,0000446339439561917540000000000000000000000000000000000000000000000000000000000000000000000000000000
0,0000443261319962501340000000000000000000000000000000000000000000000000000000000000000000000000000000
0,0000440225390254082500000000000000000000000000000000000000000000000000000000000000000000000000000000
0,0000437230788299319800000000000000000000000000000000000000000000000000000000000000000000000000000000
0,0000434276675302293700000000000000000000000000000000000000000000000000000000000000000000000000000000
0,0000431362235023736600000000000000000000000000000000000000000000000000000000000000000000000000000000
0,0000428486673027727700000000000000000000000000000000000000000000000000000000000000000000000000000000
0,0000425649215958378460000000000000000000000000000000000000000000000000000000000000000000000000000000
0,0000422849110845106100000000000000000000000000000000000000000000000000000000000000000000000000000000
0,0000420085624435219900000000000000000000000000000000000000000000000000000000000000000000000000000000
0,0000417358042552556540000000000000000000000000000000000000000000000000000000000000000000000000000000
0,0000414665669480978900000000000000000000000000000000000000000000000000000000000000000000000000000000
0,0000412007827371638950000000000000000000000000000000000000000000000000000000000000000000000000000000
0,0000409383855672932150000000000000000000000000000000000000000000000000000000000000000000000000000000
0,0000406793110582135800000000000000000000000000000000000000000000000000000000000000000000000000000000
0,0000404234964517786000000000000000000000000000000000000000000000000000000000000000000000000000000000
0,0000401708805611867700000000000000000000000000000000000000000000000000000000000000000000000000000000
0,0000399214037220963000000000000000000000000000000000000000000000000000000000000000000000000000000000
0,0000396750077455547760000000000000000000000000000000000000000000000000000000000000000000000000000000
0,0000394316358726636550000000000000000000000000000000000000000000000000000000000000000000000000000000
0,0000391912327309049940000000000000000000000000000000000000000000000000000000000000000000000000000000
0,0000389537442920572600000000000000000000000000000000000000000000000000000000000000000000000000000000
0,0000387191178316388500000000000000000000000000000000000000000000000000000000000000000000000000000000
0,0000384873018898065700000000000000000000000000000000000000000000000000000000000000000000000000000000
0,0000382582462336562000000000000000000000000000000000000000000000000000000000000000000000000000000000
0,0000380319018208634300000000000000000000000000000000000000000000000000000000000000000000000000000000
0,0000378082207646084200000000000000000000000000000000000000000000000000000000000000000000000000000000
0,0000375871562997356400000000000000000000000000000000000000000000000000000000000000000000000000000000
0,0000373686627500949400000000000000000000000000000000000000000000000000000000000000000000000000000000
0,0000371526954970166900000000000000000000000000000000000000000000000000000000000000000000000000000000
0,0000369392109488772000000000000000000000000000000000000000000000000000000000000000000000000000000000
0,0000367281665117081540000000000000000000000000000000000000000000000000000000000000000000000000000000
0,0000365195205608103800000000000000000000000000000000000000000000000000000000000000000000000000000000
0,0000363132324133313700000000000000000000000000000000000000000000000000000000000000000000000000000000
0,0000361092623017683300000000000000000000000000000000000000000000000000000000000000000000000000000000
0,0000359075713483609000000000000000000000000000000000000000000000000000000000000000000000000000000000
0,0000357081215403395040000000000000000000000000000000000000000000000000000000000000000000000000000000
0,0000355108757059947700000000000000000000000000000000000000000000000000000000000000000000000000000000
0,0000353157974915373200000000000000000000000000000000000000000000000000000000000000000000000000000000
0,0000351228513387176600000000000000000000000000000000000000000000000000000000000000000000000000000000
0,0000349320024631768360000000000000000000000000000000000000000000000000000000000000000000000000000000
0,0000347432168335008000000000000000000000000000000000000000000000000000000000000000000000000000000000
0,0000345564611509502800000000000000000000000000000000000000000000000000000000000000000000000000000000
0,0000343717028298439000000000000000000000000000000000000000000000000000000000000000000000000000000000
0,0000341889099785666900000000000000000000000000000000000000000000000000000000000000000000000000000000
0,0000340080513811833500000000000000000000000000000000000000000000000000000000000000000000000000000000
0,0000338290964796325800000000000000000000000000000000000000000000000000000000000000000000000000000000
0,0000336520153564819300000000000000000000000000000000000000000000000000000000000000000000000000000000
0,0000334767787182221850000000000000000000000000000000000000000000000000000000000000000000000000000000
0,0000333033578790819400000000000000000000000000000000000000000000000000000000000000000000000000000000
0,0000331317247453432870000000000000000000000000000000000000000000000000000000000000000000000000000000
0,0000329618518001415760000000000000000000000000000000000000000000000000000000000000000000000000000000
0,0000327937120887300860000000000000000000000000000000000000000000000000000000000000000000000000000000
0,0000326272792041948000000000000000000000000000000000000000000000000000000000000000000000000000000000
0,0000324625272736026000000000000000000000000000000000000000000000000000000000000000000000000000000000
0,0000322994309445677140000000000000000000000000000000000000000000000000000000000000000000000000000000
0,0000321379653722218900000000000000000000000000000000000000000000000000000000000000000000000000000000
0,0000319781062065733870000000000000000000000000000000000000000000000000000000000000000000000000000000
0,0000318198295802430800000000000000000000000000000000000000000000000000000000000000000000000000000000
0,0000316631120965625400000000000000000000000000000000000000000000000000000000000000000000000000000000
0,0000315079308180234700000000000000000000000000000000000000000000000000000000000000000000000000000000
0,0000313542632550647100000000000000000000000000000000000000000000000000000000000000000000000000000000
0,0000312020873551874250000000000000000000000000000000000000000000000000000000000000000000000000000000
0,0000310513814923854840000000000000000000000000000000000000000000000000000000000000000000000000000000
0,0000309021244568809750000000000000000000000000000000000000000000000000000000000000000000000000000000
0,0000307542954451558600000000000000000000000000000000000000000000000000000000000000000000000000000000
0,0000306078740502674500000000000000000000000000000000000000000000000000000000000000000000000000000000
0,0000304628402524406080000000000000000000000000000000000000000000000000000000000000000000000000000000
0,0000303191744099261500000000000000000000000000000000000000000000000000000000000000000000000000000000
0,0000301768572501171800000000000000000000000000000000000000000000000000000000000000000000000000000000
0,0000300358698609149160000000000000000000000000000000000000000000000000000000000000000000000000000000
0,0000298961936823356720000000000000000000000000000000000000000000000000000000000000000000000000000000
0,0000297578104983511700000000000000000000000000000000000000000000000000000000000000000000000000000000
0,0000296207024289549820000000000000000000000000000000000000000000000000000000000000000000000000000000
0,0000294848519224475080000000000000000000000000000000000000000000000000000000000000000000000000000000
0,0000293502417479327670000000000000000000000000000000000000000000000000000000000000000000000000000000
0,0000292168549880193980000000000000000000000000000000000000000000000000000000000000000000000000000000
0,0000290846750317211650000000000000000000000000000000000000000000000000000000000000000000000000000000
0,0000289536855675486760000000000000000000000000000000000000000000000000000000000000000000000000000000
0,0000288238705767871480000000000000000000000000000000000000000000000000000000000000000000000000000000
0,0000286952143269556800000000000000000000000000000000000000000000000000000000000000000000000000000000
0,0000285677013654395580000000000000000000000000000000000000000000000000000000000000000000000000000000
0,0000284413165132926540000000000000000000000000000000000000000000000000000000000000000000000000000000
0,0000283160448592039800000000000000000000000000000000000000000000000000000000000000000000000000000000
0,0000281918717536228020000000000000000000000000000000000000000000000000000000000000000000000000000000
0,0000280687828030377740000000000000000000000000000000000000000000000000000000000000000000000000000000
0,0000279467638644060780000000000000000000000000000000000000000000000000000000000000000000000000000000
0,0000278258010397266900000000000000000000000000000000000000000000000000000000000000000000000000000000
0,0000277058806707549530000000000000000000000000000000000000000000000000000000000000000000000000000000
0,0000275869893338525100000000000000000000000000000000000000000000000000000000000000000000000000000000
0,0000274691138349701000000000000000000000000000000000000000000000000000000000000000000000000000000000
0,0000273522412047586200000000000000000000000000000000000000000000000000000000000000000000000000000000
0,0000272363586938039830000000000000000000000000000000000000000000000000000000000000000000000000000000
0,0000271214537679832750000000000000000000000000000000000000000000000000000000000000000000000000000000
0,0000270075141039383200000000000000000000000000000000000000000000000000000000000000000000000000000000
0,0000268945275846623150000000000000000000000000000000000000000000000000000000000000000000000000000000
0,0000267824822951971660000000000000000000000000000000000000000000000000000000000000000000000000000000
0,0000266713665184386080000000000000000000000000000000000000000000000000000000000000000000000000000000
0,0000265611687310447330000000000000000000000000000000000000000000000000000000000000000000000000000000
0,0000264518775994457970000000000000000000000000000000000000000000000000000000000000000000000000000000
0,0000263434819759526370000000000000000000000000000000000000000000000000000000000000000000000000000000
0,0000262359708949599440000000000000000000000000000000000000000000000000000000000000000000000000000000
0,0000261293335692428500000000000000000000000000000000000000000000000000000000000000000000000000000000
0,0000260235593863425800000000000000000000000000000000000000000000000000000000000000000000000000000000
0,0000259186379050412470000000000000000000000000000000000000000000000000000000000000000000000000000000
0,0000258145588519196640000000000000000000000000000000000000000000000000000000000000000000000000000000
0,0000257113121179997250000000000000000000000000000000000000000000000000000000000000000000000000000000
0,0000256088877554656300000000000000000000000000000000000000000000000000000000000000000000000000000000
0,0000255072759744645100000000000000000000000000000000000000000000000000000000000000000000000000000000
0,0000254064671399817980000000000000000000000000000000000000000000000000000000000000000000000000000000
0,0000253064517687917060000000000000000000000000000000000000000000000000000000000000000000000000000000
0,0000252072205264784240000000000000000000000000000000000000000000000000000000000000000000000000000000
0,0000251087642245277800000000000000000000000000000000000000000000000000000000000000000000000000000000
0,0000250110738174869600000000000000000000000000000000000000000000000000000000000000000000000000000000
0,0000249141404001899000000000000000000000000000000000000000000000000000000000000000000000000000000000
0,0000248179552050471600000000000000000000000000000000000000000000000000000000000000000000000000000000
0,0000247225095993990030000000000000000000000000000000000000000000000000000000000000000000000000000000
0,0000246277950829284370000000000000000000000000000000000000000000000000000000000000000000000000000000
0,0000245338032851337740000000000000000000000000000000000000000000000000000000000000000000000000000000
0,0000244405259628597300000000000000000000000000000000000000000000000000000000000000000000000000000000
0,0000243479549978835370000000000000000000000000000000000000000000000000000000000000000000000000000000
0,0000242560823945565020000000000000000000000000000000000000000000000000000000000000000000000000000000
0,0000241649002774985780000000000000000000000000000000000000000000000000000000000000000000000000000000
0,0000240744008893446560000000000000000000000000000000000000000000000000000000000000000000000000000000
0,0000239845765885416300000000000000000000000000000000000000000000000000000000000000000000000000000000
0,0000238954198471944100000000000000000000000000000000000000000000000000000000000000000000000000000000
0,0000238069232489599900000000000000000000000000000000000000000000000000000000000000000000000000000000
0,0000237190794869882240000000000000000000000000000000000000000000000000000000000000000000000000000000
0,0000236318813619077370000000000000000000000000000000000000000000000000000000000000000000000000000000
0,0000235453217798563880000000000000000000000000000000000000000000000000000000000000000000000000000000
0,0000234593937505551400000000000000000000000000000000000000000000000000000000000000000000000000000000
0,0000233740903854233150000000000000000000000000000000000000000000000000000000000000000000000000000000
0,0000232894048957354630000000000000000000000000000000000000000000000000000000000000000000000000000000
0,0000232053305908181950000000000000000000000000000000000000000000000000000000000000000000000000000000
0,0000231218608762852950000000000000000000000000000000000000000000000000000000000000000000000000000000
0,0000230389892523115630000000000000000000000000000000000000000000000000000000000000000000000000000000
0,0000229567093119433270000000000000000000000000000000000000000000000000000000000000000000000000000000
0,0000228750147394449720000000000000000000000000000000000000000000000000000000000000000000000000000000
0,0000227938993086810550000000000000000000000000000000000000000000000000000000000000000000000000000000
0,0000227133568815322600000000000000000000000000000000000000000000000000000000000000000000000000000000
0,0000226333814063452800000000000000000000000000000000000000000000000000000000000000000000000000000000
0,0000225539669164148300000000000000000000000000000000000000000000000000000000000000000000000000000000
0,0000224751075284984520000000000000000000000000000000000000000000000000000000000000000000000000000000
0,0000223967974413610020000000000000000000000000000000000000000000000000000000000000000000000000000000
0,0000223190309343512420000000000000000000000000000000000000000000000000000000000000000000000000000000
0,0000222418023660058800000000000000000000000000000000000000000000000000000000000000000000000000000000
0,0000221651061726849170000000000000000000000000000000000000000000000000000000000000000000000000000000
0,0000220889368672329180000000000000000000000000000000000000000000000000000000000000000000000000000000
0,0000220132890376691050000000000000000000000000000000000000000000000000000000000000000000000000000000
0,0000219381573459042400000000000000000000000000000000000000000000000000000000000000000000000000000000
0,0000218635365264831270000000000000000000000000000000000000000000000000000000000000000000000000000000
0,0000217894213853532240000000000000000000000000000000000000000000000000000000000000000000000000000000
0,0000217158067986579360000000000000000000000000000000000000000000000000000000000000000000000000000000
0,0000216426877115543600000000000000000000000000000000000000000000000000000000000000000000000000000000
0,0000215700591370550980000000000000000000000000000000000000000000000000000000000000000000000000000000
0,0000214979161548929100000000000000000000000000000000000000000000000000000000000000000000000000000000
0,0000214262539104084030000000000000000000000000000000000000000000000000000000000000000000000000000000
0,0000213550676134599030000000000000000000000000000000000000000000000000000000000000000000000000000000
0,0000212843525373546030000000000000000000000000000000000000000000000000000000000000000000000000000000
0,0000212141040178013480000000000000000000000000000000000000000000000000000000000000000000000000000000
0,0000211443174518841760000000000000000000000000000000000000000000000000000000000000000000000000000000
0,0000210749882970553900000000000000000000000000000000000000000000000000000000000000000000000000000000
0,0000210061120701491200000000000000000000000000000000000000000000000000000000000000000000000000000000
0,0000209376843464138160000000000000000000000000000000000000000000000000000000000000000000000000000000
0,0000208697007585634270000000000000000000000000000000000000000000000000000000000000000000000000000000
0,0000208021569958477170000000000000000000000000000000000000000000000000000000000000000000000000000000
0,0000207350488031396070000000000000000000000000000000000000000000000000000000000000000000000000000000
0,0000206683719800409400000000000000000000000000000000000000000000000000000000000000000000000000000000
0,0000206021223800051470000000000000000000000000000000000000000000000000000000000000000000000000000000
0,0000205362959094766480000000000000000000000000000000000000000000000000000000000000000000000000000000
0,0000204708885270469300000000000000000000000000000000000000000000000000000000000000000000000000000000
0,0000204058962426260960000000000000000000000000000000000000000000000000000000000000000000000000000000
0,0000203413151166315940000000000000000000000000000000000000000000000000000000000000000000000000000000
0,0000202771412591903250000000000000000000000000000000000000000000000000000000000000000000000000000000
0,0000202133708293574260000000000000000000000000000000000000000000000000000000000000000000000000000000
0,0000201500000343494070000000000000000000000000000000000000000000000000000000000000000000000000000000
0,0000200870251287904260000000000000000000000000000000000000000000000000000000000000000000000000000000
0,0000200244424139747700000000000000000000000000000000000000000000000000000000000000000000000000000000
0,0000199622482371414540000000000000000000000000000000000000000000000000000000000000000000000000000000
0,0000199004389907627600000000000000000000000000000000000000000000000000000000000000000000000000000000
0,0000198390111118464700000000000000000000000000000000000000000000000000000000000000000000000000000000
0,0000197779610812499950000000000000000000000000000000000000000000000000000000000000000000000000000000
0,0000197172854230079730000000000000000000000000000000000000000000000000000000000000000000000000000000
0,0000196569807036719800000000000000000000000000000000000000000000000000000000000000000000000000000000
0,0000195970435316621100000000000000000000000000000000000000000000000000000000000000000000000000000000
0,0000195374705566306980000000000000000000000000000000000000000000000000000000000000000000000000000000
0,0000194782584688373730000000000000000000000000000000000000000000000000000000000000000000000000000000
0,0000194194039985353750000000000000000000000000000000000000000000000000000000000000000000000000000000
0,0000193609039153694220000000000000000000000000000000000000000000000000000000000000000000000000000000
0,0000193027550277838850000000000000000000000000000000000000000000000000000000000000000000000000000000
0,0000192449541824422340000000000000000000000000000000000000000000000000000000000000000000000000000000
0,0000191874982636558370000000000000000000000000000000000000000000000000000000000000000000000000000000
0,0000191303841928242300000000000000000000000000000000000000000000000000000000000000000000000000000000
0,0000190736089278844970000000000000000000000000000000000000000000000000000000000000000000000000000000
0,0000190171694627708600000000000000000000000000000000000000000000000000000000000000000000000000000000
0,0000189610628268833750000000000000000000000000000000000000000000000000000000000000000000000000000000
0,0000189052860845663620000000000000000000000000000000000000000000000000000000000000000000000000000000
0,0000188498363345961020000000000000000000000000000000000000000000000000000000000000000000000000000000
0,0000187947107096775200000000000000000000000000000000000000000000000000000000000000000000000000000000
0,0000187399063759489300000000000000000000000000000000000000000000000000000000000000000000000000000000
0,0000186854205324966580000000000000000000000000000000000000000000000000000000000000000000000000000000
0,0000186312504108771180000000000000000000000000000000000000000000000000000000000000000000000000000000
0,0000185773932746475470000000000000000000000000000000000000000000000000000000000000000000000000000000
0,0000185238464189051040000000000000000000000000000000000000000000000000000000000000000000000000000000
0,0000184706071698332920000000000000000000000000000000000000000000000000000000000000000000000000000000
0,0000184176728842567030000000000000000000000000000000000000000000000000000000000000000000000000000000
0,0000183650409492034300000000000000000000000000000000000000000000000000000000000000000000000000000000
0,0000183127087814743860000000000000000000000000000000000000000000000000000000000000000000000000000000
0,0000182606738272205750000000000000000000000000000000000000000000000000000000000000000000000000000000
0,0000182089335615274400000000000000000000000000000000000000000000000000000000000000000000000000000000
0,0000181574854880059870000000000000000000000000000000000000000000000000000000000000000000000000000000
0,0000181063271383907640000000000000000000000000000000000000000000000000000000000000000000000000000000
0,0000180554560721454300000000000000000000000000000000000000000000000000000000000000000000000000000000
0,0000180048698760736750000000000000000000000000000000000000000000000000000000000000000000000000000000
0,0000179545661639378500000000000000000000000000000000000000000000000000000000000000000000000000000000
0,0000179045425760833600000000000000000000000000000000000000000000000000000000000000000000000000000000
0,0000178547967790691340000000000000000000000000000000000000000000000000000000000000000000000000000000
0,0000178053264653048960000000000000000000000000000000000000000000000000000000000000000000000000000000
0,0000177561293526939500000000000000000000000000000000000000000000000000000000000000000000000000000000
0,0000177072031842820440000000000000000000000000000000000000000000000000000000000000000000000000000000
0,0000176585457279117940000000000000000000000000000000000000000000000000000000000000000000000000000000
0,0000176101547758832130000000000000000000000000000000000000000000000000000000000000000000000000000000
0,0000175620281446196020000000000000000000000000000000000000000000000000000000000000000000000000000000
0,0000175141636743385900000000000000000000000000000000000000000000000000000000000000000000000000000000
0,0000174665592287292140000000000000000000000000000000000000000000000000000000000000000000000000000000
0,0000174192126946334800000000000000000000000000000000000000000000000000000000000000000000000000000000
0,0000173721219817339370000000000000000000000000000000000000000000000000000000000000000000000000000000
0,0000173252850222451730000000000000000000000000000000000000000000000000000000000000000000000000000000
0,0000172786997706116370000000000000000000000000000000000000000000000000000000000000000000000000000000
0,0000172323642032094500000000000000000000000000000000000000000000000000000000000000000000000000000000
0,0000171862763180527300000000000000000000000000000000000000000000000000000000000000000000000000000000
0,0000171404341345058730000000000000000000000000000000000000000000000000000000000000000000000000000000
0,0000170948356929988840000000000000000000000000000000000000000000000000000000000000000000000000000000
0,0000170494790547484800000000000000000000000000000000000000000000000000000000000000000000000000000000
0,0000170043623014830600000000000000000000000000000000000000000000000000000000000000000000000000000000
0,0000169594835351718750000000000000000000000000000000000000000000000000000000000000000000000000000000
0,0000169148408777588970000000000000000000000000000000000000000000000000000000000000000000000000000000
0,0000168704324709006840000000000000000000000000000000000000000000000000000000000000000000000000000000
0,0000168262564757082740000000000000000000000000000000000000000000000000000000000000000000000000000000
0,0000167823110724931360000000000000000000000000000000000000000000000000000000000000000000000000000000
0,0000167385944605174270000000000000000000000000000000000000000000000000000000000000000000000000000000
0,0000166951048577477440000000000000000000000000000000000000000000000000000000000000000000000000000000
0,0000166518405006127630000000000000000000000000000000000000000000000000000000000000000000000000000000
0,0000166087996437649000000000000000000000000000000000000000000000000000000000000000000000000000000000
0,0000165659805598452400000000000000000000000000000000000000000000000000000000000000000000000000000000
0,0000165233815392524700000000000000000000000000000000000000000000000000000000000000000000000000000000
0,0000164810008899153600000000000000000000000000000000000000000000000000000000000000000000000000000000
0,0000164388369370682480000000000000000000000000000000000000000000000000000000000000000000000000000000
0,0000163968880230307030000000000000000000000000000000000000000000000000000000000000000000000000000000
0,0000163551525069898440000000000000000000000000000000000000000000000000000000000000000000000000000000
0,0000163136287647864700000000000000000000000000000000000000000000000000000000000000000000000000000000
0,0000162723151887042140000000000000000000000000000000000000000000000000000000000000000000000000000000
0,0000162312101872622100000000000000000000000000000000000000000000000000000000000000000000000000000000
0,0000161903121850098500000000000000000000000000000000000000000000000000000000000000000000000000000000
0,0000161496196223262840000000000000000000000000000000000000000000000000000000000000000000000000000000
0,0000161091309552217650000000000000000000000000000000000000000000000000000000000000000000000000000000
0,0000160688446551419040000000000000000000000000000000000000000000000000000000000000000000000000000000
0,0000160287592087759040000000000000000000000000000000000000000000000000000000000000000000000000000000
0,0000159888731178663570000000000000000000000000000000000000000000000000000000000000000000000000000000
0,0000159491848990228400000000000000000000000000000000000000000000000000000000000000000000000000000000
0,0000159096930835378230000000000000000000000000000000000000000000000000000000000000000000000000000000
0,0000158703962172053600000000000000000000000000000000000000000000000000000000000000000000000000000000
0,0000158312928601426500000000000000000000000000000000000000000000000000000000000000000000000000000000
0,0000157923815866141270000000000000000000000000000000000000000000000000000000000000000000000000000000
0,0000157536609848576440000000000000000000000000000000000000000000000000000000000000000000000000000000
0,0000157151296569143800000000000000000000000000000000000000000000000000000000000000000000000000000000
0,0000156767862184599380000000000000000000000000000000000000000000000000000000000000000000000000000000
0,0000156386292986388320000000000000000000000000000000000000000000000000000000000000000000000000000000
0,0000156006575399008340000000000000000000000000000000000000000000000000000000000000000000000000000000
0,0000155628695978400570000000000000000000000000000000000000000000000000000000000000000000000000000000
0,0000155252641410360920000000000000000000000000000000000000000000000000000000000000000000000000000000
0,0000154878398508976750000000000000000000000000000000000000000000000000000000000000000000000000000000
0,0000154505954215084330000000000000000000000000000000000000000000000000000000000000000000000000000000
0,0000154135295594751700000000000000000000000000000000000000000000000000000000000000000000000000000000
0,0000153766409837776080000000000000000000000000000000000000000000000000000000000000000000000000000000
0,0000153399284256211150000000000000000000000000000000000000000000000000000000000000000000000000000000
0,0000153033906282912900000000000000000000000000000000000000000000000000000000000000000000000000000000
0,0000152670263470099570000000000000000000000000000000000000000000000000000000000000000000000000000000
0,0000152308343487944300000000000000000000000000000000000000000000000000000000000000000000000000000000
0,0000151948134123175130000000000000000000000000000000000000000000000000000000000000000000000000000000
0,0000151589623277706230000000000000000000000000000000000000000000000000000000000000000000000000000000
0,0000151232798967278400000000000000000000000000000000000000000000000000000000000000000000000000000000
0,0000150877649320125370000000000000000000000000000000000000000000000000000000000000000000000000000000
0,0000150524162575655050000000000000000000000000000000000000000000000000000000000000000000000000000000
0,0000150172327083155420000000000000000000000000000000000000000000000000000000000000000000000000000000
0,0000149822131300507870000000000000000000000000000000000000000000000000000000000000000000000000000000
0,0000149473563792929070000000000000000000000000000000000000000000000000000000000000000000000000000000
0,0000149126613231725300000000000000000000000000000000000000000000000000000000000000000000000000000000
0,0000148781268393061200000000000000000000000000000000000000000000000000000000000000000000000000000000
0,0000148437518156755180000000000000000000000000000000000000000000000000000000000000000000000000000000
0,0000148095351505080450000000000000000000000000000000000000000000000000000000000000000000000000000000
0,0000147754757521588360000000000000000000000000000000000000000000000000000000000000000000000000000000
0,0000147415725389950570000000000000000000000000000000000000000000000000000000000000000000000000000000
0,0000147078244392809260000000000000000000000000000000000000000000000000000000000000000000000000000000
0,0000146742303910649740000000000000000000000000000000000000000000000000000000000000000000000000000000
0,0000146407893420685740000000000000000000000000000000000000000000000000000000000000000000000000000000
0,0000146075002495761640000000000000000000000000000000000000000000000000000000000000000000000000000000
0,0000145743620803266700000000000000000000000000000000000000000000000000000000000000000000000000000000
0,0000145413738104065820000000000000000000000000000000000000000000000000000000000000000000000000000000
0,0000145085344251445940000000000000000000000000000000000000000000000000000000000000000000000000000000
0,0000144758429190074230000000000000000000000000000000000000000000000000000000000000000000000000000000
0,0000144432982954972400000000000000000000000000000000000000000000000000000000000000000000000000000000
0,0000144108995670503830000000000000000000000000000000000000000000000000000000000000000000000000000000
0,0000143786457549373600000000000000000000000000000000000000000000000000000000000000000000000000000000
0,0000143465358891642170000000000000000000000000000000000000000000000000000000000000000000000000000000
0,0000143145690083756080000000000000000000000000000000000000000000000000000000000000000000000000000000
0,0000142827441597584540000000000000000000000000000000000000000000000000000000000000000000000000000000
0,0000142510603989473870000000000000000000000000000000000000000000000000000000000000000000000000000000
0,0000142195167899314120000000000000000000000000000000000000000000000000000000000000000000000000000000
0,0000141881124049616580000000000000000000000000000000000000000000000000000000000000000000000000000000
0,0000141568463244604180000000000000000000000000000000000000000000000000000000000000000000000000000000
0,0000141257176369311010000000000000000000000000000000000000000000000000000000000000000000000000000000
0,0000140947254388700300000000000000000000000000000000000000000000000000000000000000000000000000000000
0,0000140638688346789800000000000000000000000000000000000000000000000000000000000000000000000000000000
0,0000140331469365785900000000000000000000000000000000000000000000000000000000000000000000000000000000
0,0000140025588645234650000000000000000000000000000000000000000000000000000000000000000000000000000000
0,0000139721037461179720000000000000000000000000000000000000000000000000000000000000000000000000000000
0,0000139417807165335280000000000000000000000000000000000000000000000000000000000000000000000000000000
0,0000139115889184263220000000000000000000000000000000000000000000000000000000000000000000000000000000
0,0000138815275018569000000000000000000000000000000000000000000000000000000000000000000000000000000000
0,0000138515956242103280000000000000000000000000000000000000000000000000000000000000000000000000000000
0,0000138217924501170060000000000000000000000000000000000000000000000000000000000000000000000000000000
0,0000137921171513757260000000000000000000000000000000000000000000000000000000000000000000000000000000
0,0000137625689068761600000000000000000000000000000000000000000000000000000000000000000000000000000000
0,0000137331469025236420000000000000000000000000000000000000000000000000000000000000000000000000000000
0,0000137038503311641010000000000000000000000000000000000000000000000000000000000000000000000000000000
0,0000136746783925104510000000000000000000000000000000000000000000000000000000000000000000000000000000
0,0000136456302930695310000000000000000000000000000000000000000000000000000000000000000000000000000000
0,0000136167052460703960000000000000000000000000000000000000000000000000000000000000000000000000000000
0,0000135879024713929070000000000000000000000000000000000000000000000000000000000000000000000000000000
0,0000135592211954978360000000000000000000000000000000000000000000000000000000000000000000000000000000
0,0000135306606513576080000000000000000000000000000000000000000000000000000000000000000000000000000000
0,0000135022200783879200000000000000000000000000000000000000000000000000000000000000000000000000000000
0,0000134738987223801190000000000000000000000000000000000000000000000000000000000000000000000000000000
0,0000134456958354345360000000000000000000000000000000000000000000000000000000000000000000000000000000
0,0000134176106758947080000000000000000000000000000000000000000000000000000000000000000000000000000000
0,0000133896425082823800000000000000000000000000000000000000000000000000000000000000000000000000000000
0,0000133617906032332540000000000000000000000000000000000000000000000000000000000000000000000000000000
0,0000133340542374335040000000000000000000000000000000000000000000000000000000000000000000000000000000
0,0000133064326935573710000000000000000000000000000000000000000000000000000000000000000000000000000000
0,0000132789252602050560000000000000000000000000000000000000000000000000000000000000000000000000000000
0,0000132515312318418050000000000000000000000000000000000000000000000000000000000000000000000000000000
0,0000132242499087375880000000000000000000000000000000000000000000000000000000000000000000000000000000
0,0000131970805969074480000000000000000000000000000000000000000000000000000000000000000000000000000000
0,0000131700226080527090000000000000000000000000000000000000000000000000000000000000000000000000000000
0,0000131430752595027610000000000000000000000000000000000000000000000000000000000000000000000000000000
0,0000131162378741577570000000000000000000000000000000000000000000000000000000000000000000000000000000
0,0000130895097804318240000000000000000000000000000000000000000000000000000000000000000000000000000000
0,0000130628903121970300000000000000000000000000000000000000000000000000000000000000000000000000000000
0,0000130363788087281360000000000000000000000000000000000000000000000000000000000000000000000000000000
0,0000130099746146478900000000000000000000000000000000000000000000000000000000000000000000000000000000
0,0000129836770798728720000000000000000000000000000000000000000000000000000000000000000000000000000000
0,0000129574855595603540000000000000000000000000000000000000000000000000000000000000000000000000000000
0,0000129313994140554460000000000000000000000000000000000000000000000000000000000000000000000000000000
0,0000129054180088392320000000000000000000000000000000000000000000000000000000000000000000000000000000
0,0000128795407144769900000000000000000000000000000000000000000000000000000000000000000000000000000000
0,0000128537669065675720000000000000000000000000000000000000000000000000000000000000000000000000000000
0,0000128280959656932930000000000000000000000000000000000000000000000000000000000000000000000000000000
0,0000128025272773700100000000000000000000000000000000000000000000000000000000000000000000000000000000
0,0000127770602319982400000000000000000000000000000000000000000000000000000000000000000000000000000000
0,0000127516942248148770000000000000000000000000000000000000000000000000000000000000000000000000000000
0,0000127264286558451060000000000000000000000000000000000000000000000000000000000000000000000000000000
0,0000127012629298550660000000000000000000000000000000000000000000000000000000000000000000000000000000
0,0000126761964563052780000000000000000000000000000000000000000000000000000000000000000000000000000000
0,0000126512286493044200000000000000000000000000000000000000000000000000000000000000000000000000000000
0,0000126263589275635410000000000000000000000000000000000000000000000000000000000000000000000000000000
0,0000126015867143511400000000000000000000000000000000000000000000000000000000000000000000000000000000
0,0000125769114374484730000000000000000000000000000000000000000000000000000000000000000000000000000000
0,0000125523325291053670000000000000000000000000000000000000000000000000000000000000000000000000000000
0,0000125278494259971040000000000000000000000000000000000000000000000000000000000000000000000000000000
0,0000125034615691808380000000000000000000000000000000000000000000000000000000000000000000000000000000
0,0000124791684040536280000000000000000000000000000000000000000000000000000000000000000000000000000000
0,0000124549693803097180000000000000000000000000000000000000000000000000000000000000000000000000000000
0,0000124308639518997720000000000000000000000000000000000000000000000000000000000000000000000000000000
0,0000124068515769890610000000000000000000000000000000000000000000000000000000000000000000000000000000
0,0000123829317179174870000000000000000000000000000000000000000000000000000000000000000000000000000000
0,0000123591038411589680000000000000000000000000000000000000000000000000000000000000000000000000000000
0,0000123353674172821420000000000000000000000000000000000000000000000000000000000000000000000000000000
0,0000123117219209108700000000000000000000000000000000000000000000000000000000000000000000000000000000
0,0000122881668306856900000000000000000000000000000000000000000000000000000000000000000000000000000000
0,0000122647016292254320000000000000000000000000000000000000000000000000000000000000000000000000000000
0,0000122413258030892750000000000000000000000000000000000000000000000000000000000000000000000000000000
0,0000122180388427393880000000000000000000000000000000000000000000000000000000000000000000000000000000
0,0000121948402425039300000000000000000000000000000000000000000000000000000000000000000000000000000000
0,0000121717295005402710000000000000000000000000000000000000000000000000000000000000000000000000000000
0,0000121487061187990640000000000000000000000000000000000000000000000000000000000000000000000000000000
0,0000121257696029882070000000000000000000000000000000000000000000000000000000000000000000000000000000
0,0000121029194625377400000000000000000000000000000000000000000000000000000000000000000000000000000000
0,0000120801552105647240000000000000000000000000000000000000000000000000000000000000000000000000000000
0,0000120574763638386470000000000000000000000000000000000000000000000000000000000000000000000000000000
0,0000120348824427472450000000000000000000000000000000000000000000000000000000000000000000000000000000
0,0000120123729712627400000000000000000000000000000000000000000000000000000000000000000000000000000000
0,0000119899474769084570000000000000000000000000000000000000000000000000000000000000000000000000000000
0,0000119676054907256830000000000000000000000000000000000000000000000000000000000000000000000000000000
0,0000119453465472409360000000000000000000000000000000000000000000000000000000000000000000000000000000
0,0000119231701844337920000000000000000000000000000000000000000000000000000000000000000000000000000000
0,0000119010759437048360000000000000000000000000000000000000000000000000000000000000000000000000000000
0,0000118790633698440280000000000000000000000000000000000000000000000000000000000000000000000000000000
0,0000118571320109995300000000000000000000000000000000000000000000000000000000000000000000000000000000
0,0000118352814186466350000000000000000000000000000000000000000000000000000000000000000000000000000000
0,0000118135111475575030000000000000000000000000000000000000000000000000000000000000000000000000000000
0,0000117918207557705620000000000000000000000000000000000000000000000000000000000000000000000000000000
0,0000117702098045607950000000000000000000000000000000000000000000000000000000000000000000000000000000
0,0000117486778584101860000000000000000000000000000000000000000000000000000000000000000000000000000000
0,0000117272244849784100000000000000000000000000000000000000000000000000000000000000000000000000000000
0,0000117058492550738680000000000000000000000000000000000000000000000000000000000000000000000000000000
0,0000116845517426251840000000000000000000000000000000000000000000000000000000000000000000000000000000
0,0000116633315246527080000000000000000000000000000000000000000000000000000000000000000000000000000000
0,0000116421881812407740000000000000000000000000000000000000000000000000000000000000000000000000000000
0,0000116211212955098950000000000000000000000000000000000000000000000000000000000000000000000000000000
0,0000116001304535892430000000000000000000000000000000000000000000000000000000000000000000000000000000
0,0000115792152445896530000000000000000000000000000000000000000000000000000000000000000000000000000000
0,0000115583752605769270000000000000000000000000000000000000000000000000000000000000000000000000000000
0,0000115376100965451240000000000000000000000000000000000000000000000000000000000000000000000000000000
0,0000115169193503904100000000000000000000000000000000000000000000000000000000000000000000000000000000
0,0000114963026228851760000000000000000000000000000000000000000000000000000000000000000000000000000000
0,0000114757595176522860000000000000000000000000000000000000000000000000000000000000000000000000000000
0,0000114552896411396950000000000000000000000000000000000000000000000000000000000000000000000000000000
0,0000114348926025953720000000000000000000000000000000000000000000000000000000000000000000000000000000
0,0000114145680140423430000000000000000000000000000000000000000000000000000000000000000000000000000000
0,0000113943154902540820000000000000000000000000000000000000000000000000000000000000000000000000000000
0,0000113741346487303790000000000000000000000000000000000000000000000000000000000000000000000000000000
0,0000113540251096730690000000000000000000000000000000000000000000000000000000000000000000000000000000
0,0000113339864959622970000000000000000000000000000000000000000000000000000000000000000000000000000000
0,0000113140184331328690000000000000000000000000000000000000000000000000000000000000000000000000000000
0,0000112941205493510790000000000000000000000000000000000000000000000000000000000000000000000000000000
0,0000112742924753914850000000000000000000000000000000000000000000000000000000000000000000000000000000
0,0000112545338446141840000000000000000000000000000000000000000000000000000000000000000000000000000000
0,0000112348442929420720000000000000000000000000000000000000000000000000000000000000000000000000000000
0,0000112152234588386680000000000000000000000000000000000000000000000000000000000000000000000000000000
0,0000111956709832858420000000000000000000000000000000000000000000000000000000000000000000000000000000
0,0000111761865097620880000000000000000000000000000000000000000000000000000000000000000000000000000000
0,0000111567696842207400000000000000000000000000000000000000000000000000000000000000000000000000000000
0,0000111374201550684670000000000000000000000000000000000000000000000000000000000000000000000000000000
0,0000111181375731442260000000000000000000000000000000000000000000000000000000000000000000000000000000
0,0000110989215916982000000000000000000000000000000000000000000000000000000000000000000000000000000000
0,0000110797718663708970000000000000000000000000000000000000000000000000000000000000000000000000000000
0,0000110606880551727730000000000000000000000000000000000000000000000000000000000000000000000000000000
0,0000110416698184638120000000000000000000000000000000000000000000000000000000000000000000000000000000
0,0000110227168189332790000000000000000000000000000000000000000000000000000000000000000000000000000000
0,0000110038287215799860000000000000000000000000000000000000000000000000000000000000000000000000000000
0,0000109850051936923300000000000000000000000000000000000000000000000000000000000000000000000000000000
0,0000109662459048289850000000000000000000000000000000000000000000000000000000000000000000000000000000
0,0000109475505267993430000000000000000000000000000000000000000000000000000000000000000000000000000000
0,0000109289187336446010000000000000000000000000000000000000000000000000000000000000000000000000000000
0,0000109103502016186960000000000000000000000000000000000000000000000000000000000000000000000000000000
0,0000108918446091695890000000000000000000000000000000000000000000000000000000000000000000000000000000
0,0000108734016369207230000000000000000000000000000000000000000000000000000000000000000000000000000000
0,0000108550209676525820000000000000000000000000000000000000000000000000000000000000000000000000000000
0,0000108367022862846000000000000000000000000000000000000000000000000000000000000000000000000000000000
0,0000108184452798571190000000000000000000000000000000000000000000000000000000000000000000000000000000
0,0000108002496375136040000000000000000000000000000000000000000000000000000000000000000000000000000000
0,0000107821150504829640000000000000000000000000000000000000000000000000000000000000000000000000000000
0,0000107640412120621310000000000000000000000000000000000000000000000000000000000000000000000000000000
0,0000107460278175987160000000000000000000000000000000000000000000000000000000000000000000000000000000
0,0000107280745644739340000000000000000000000000000000000000000000000000000000000000000000000000000000
0,0000107101811520856750000000000000000000000000000000000000000000000000000000000000000000000000000000
0,0000106923472818318980000000000000000000000000000000000000000000000000000000000000000000000000000000
0,0000106745726570934500000000000000000000000000000000000000000000000000000000000000000000000000000000
0,0000106568569832184600000000000000000000000000000000000000000000000000000000000000000000000000000000
0,0000106391999675052610000000000000000000000000000000000000000000000000000000000000000000000000000000
0,0000106216013191869440000000000000000000000000000000000000000000000000000000000000000000000000000000
0,0000106040607494148830000000000000000000000000000000000000000000000000000000000000000000000000000000
0,0000105865779712432750000000000000000000000000000000000000000000000000000000000000000000000000000000
0,0000105691526996133540000000000000000000000000000000000000000000000000000000000000000000000000000000
0,0000105517846513378950000000000000000000000000000000000000000000000000000000000000000000000000000000
0,0000105344735450859830000000000000000000000000000000000000000000000000000000000000000000000000000000
0,0000105172191013676470000000000000000000000000000000000000000000000000000000000000000000000000000000
0,0000105000210425190600000000000000000000000000000000000000000000000000000000000000000000000000000000
0,0000104828790926873940000000000000000000000000000000000000000000000000000000000000000000000000000000
0,0000104657929778162750000000000000000000000000000000000000000000000000000000000000000000000000000000
0,0000104487624256311930000000000000000000000000000000000000000000000000000000000000000000000000000000
0,0000104317871656247960000000000000000000000000000000000000000000000000000000000000000000000000000000
0,0000104148669290428410000000000000000000000000000000000000000000000000000000000000000000000000000000
0,0000103980014488698760000000000000000000000000000000000000000000000000000000000000000000000000000000
0,0000103811904598153280000000000000000000000000000000000000000000000000000000000000000000000000000000
0,0000103644336982994680000000000000000000000000000000000000000000000000000000000000000000000000000000
0,0000103477309024395420000000000000000000000000000000000000000000000000000000000000000000000000000000
0,0000103310818120364920000000000000000000000000000000000000000000000000000000000000000000000000000000
0,0000103144861685611360000000000000000000000000000000000000000000000000000000000000000000000000000000
0,0000102979437151408550000000000000000000000000000000000000000000000000000000000000000000000000000000
0,0000102814541965464590000000000000000000000000000000000000000000000000000000000000000000000000000000
0,0000102650173591789140000000000000000000000000000000000000000000000000000000000000000000000000000000
0,0000102486329510564100000000000000000000000000000000000000000000000000000000000000000000000000000000
0,0000102323007218015520000000000000000000000000000000000000000000000000000000000000000000000000000000
0,0000102160204226286020000000000000000000000000000000000000000000000000000000000000000000000000000000
0,0000101997918063305600000000000000000000000000000000000000000000000000000000000000000000000000000000
0,0000101836146272672560000000000000000000000000000000000000000000000000000000000000000000000000000000
0,0000101674886413522220000000000000000000000000000000000000000000000000000000000000000000000000000000
0,0000101514136060412060000000000000000000000000000000000000000000000000000000000000000000000000000000
0,0000101353892803192940000000000000000000000000000000000000000000000000000000000000000000000000000000
0,0000101194154246893120000000000000000000000000000000000000000000000000000000000000000000000000000000
0,0000101034918011598340000000000000000000000000000000000000000000000000000000000000000000000000000000
0,0000100876181732332140000000000000000000000000000000000000000000000000000000000000000000000000000000
0,0000100717943058940340000000000000000000000000000000000000000000000000000000000000000000000000000000
0,0000100560199655974700000000000000000000000000000000000000000000000000000000000000000000000000000000
0,0000100402949202577300000000000000000000000000000000000000000000000000000000000000000000000000000000
0,0000100246189392367960000000000000000000000000000000000000000000000000000000000000000000000000000000
0,0000100089917933331200000000000000000000000000000000000000000000000000000000000000000000000000000000
0,0000099934132547703480000000000000000000000000000000000000000000000000000000000000000000000000000000
