 0,0107363153838442270000000000000000000000000000000000000000000000000000000000000000000000000000000000
 0,0027214072776602360000000000000000000000000000000000000000000000000000000000000000000000000000000000
 0,0020938864968328644000000000000000000000000000000000000000000000000000000000000000000000000000000000
 0,0017848729666264734000000000000000000000000000000000000000000000000000000000000000000000000000000000
 0,0015944418527641762000000000000000000000000000000000000000000000000000000000000000000000000000000000
 0,0014629976761126764000000000000000000000000000000000000000000000000000000000000000000000000000000000
 0,0013644693208209968000000000000000000000000000000000000000000000000000000000000000000000000000000000
 0,0012852685092673360000000000000000000000000000000000000000000000000000000000000000000000000000000000
 0,0012173899582636730000000000000000000000000000000000000000000000000000000000000000000000000000000000
 0,0011555811769838847000000000000000000000000000000000000000000000000000000000000000000000000000000000
 0,0010960608522655000000000000000000000000000000000000000000000000000000000000000000000000000000000000
 0,0010359841906478340000000000000000000000000000000000000000000000000000000000000000000000000000000000
 0,0009733922285936677000000000000000000000000000000000000000000000000000000000000000000000000000000000
 0,0009075179617810983000000000000000000000000000000000000000000000000000000000000000000000000000000000
 0,0008391754419961715000000000000000000000000000000000000000000000000000000000000000000000000000000000
 0,0007706938578041753000000000000000000000000000000000000000000000000000000000000000000000000000000000
 0,0007050368009573549000000000000000000000000000000000000000000000000000000000000000000000000000000000
 0,0006446021879097180000000000000000000000000000000000000000000000000000000000000000000000000000000000
 0,0005905992576758244000000000000000000000000000000000000000000000000000000000000000000000000000000000
 0,0005431763837150244000000000000000000000000000000000000000000000000000000000000000000000000000000000
 0,0005018489965802305000000000000000000000000000000000000000000000000000000000000000000000000000000000
 0,0004658715987970853500000000000000000000000000000000000000000000000000000000000000000000000000000000
 0,0004344611680622908000000000000000000000000000000000000000000000000000000000000000000000000000000000
 0,0004069014502681594000000000000000000000000000000000000000000000000000000000000000000000000000000000
 0,0003825777230953013000000000000000000000000000000000000000000000000000000000000000000000000000000000
 0,0003609782460079119000000000000000000000000000000000000000000000000000000000000000000000000000000000
 0,0003416826704535677700000000000000000000000000000000000000000000000000000000000000000000000000000000
 0,0003243471038023612000000000000000000000000000000000000000000000000000000000000000000000000000000000
 0,0003086898603434192400000000000000000000000000000000000000000000000000000000000000000000000000000000
 0,0002944792531475079400000000000000000000000000000000000000000000000000000000000000000000000000000000
 0,0002815236318429144000000000000000000000000000000000000000000000000000000000000000000000000000000000
 0,0002696634399408547000000000000000000000000000000000000000000000000000000000000000000000000000000000
 0,0002587649469508566000000000000000000000000000000000000000000000000000000000000000000000000000000000
 0,0002487153171265594300000000000000000000000000000000000000000000000000000000000000000000000000000000
 0,0002394187252378839700000000000000000000000000000000000000000000000000000000000000000000000000000000
 0,0002307932858058024000000000000000000000000000000000000000000000000000000000000000000000000000000000
 0,0002227686129411349700000000000000000000000000000000000000000000000000000000000000000000000000000000
 0,0002152838697108757800000000000000000000000000000000000000000000000000000000000000000000000000000000
 0,0002082861988792415400000000000000000000000000000000000000000000000000000000000000000000000000000000
 0,0002017294522278349500000000000000000000000000000000000000000000000000000000000000000000000000000000
 0,0001955731549679428500000000000000000000000000000000000000000000000000000000000000000000000000000000
 0,0001897816563913331000000000000000000000000000000000000000000000000000000000000000000000000000000000
 0,0001843234289883386800000000000000000000000000000000000000000000000000000000000000000000000000000000
 0,0001791704866708720400000000000000000000000000000000000000000000000000000000000000000000000000000000
 0,0001742978991408305400000000000000000000000000000000000000000000000000000000000000000000000000000000
 0,0001696833843419621000000000000000000000000000000000000000000000000000000000000000000000000000000000
 0,0001653069646991795500000000000000000000000000000000000000000000000000000000000000000000000000000000
 0,0001611506757613305600000000000000000000000000000000000000000000000000000000000000000000000000000000
 0,0001571983181283096300000000000000000000000000000000000000000000000000000000000000000000000000000000
 0,0001534352453153359000000000000000000000000000000000000000000000000000000000000000000000000000000000
 0,0001498481816016869300000000000000000000000000000000000000000000000000000000000000000000000000000000
 0,0001464250650149035800000000000000000000000000000000000000000000000000000000000000000000000000000000
 0,0001431549114801097200000000000000000000000000000000000000000000000000000000000000000000000000000000
 0,0001400276968672696500000000000000000000000000000000000000000000000000000000000000000000000000000000
 0,0001370342542351290900000000000000000000000000000000000000000000000000000000000000000000000000000000
 0,0001341661840282231200000000000000000000000000000000000000000000000000000000000000000000000000000000
 0,0001314157753553849700000000000000000000000000000000000000000000000000000000000000000000000000000000
 0,0001287759367820079500000000000000000000000000000000000000000000000000000000000000000000000000000000
 0,0001262401353175852500000000000000000000000000000000000000000000000000000000000000000000000000000000
 0,0001238023424854839300000000000000000000000000000000000000000000000000000000000000000000000000000000
 0,0001214569865318856500000000000000000000000000000000000000000000000000000000000000000000000000000000
 0,0001191989099720732200000000000000000000000000000000000000000000000000000000000000000000000000000000
 0,0001170233317900507400000000000000000000000000000000000000000000000000000000000000000000000000000000
 0,0001149258137061080000000000000000000000000000000000000000000000000000000000000000000000000000000000
 0,0001129022300098236200000000000000000000000000000000000000000000000000000000000000000000000000000000
 0,0001109487405258487400000000000000000000000000000000000000000000000000000000000000000000000000000000
 0,0001090617663389227600000000000000000000000000000000000000000000000000000000000000000000000000000000
 0,0001072379679547111700000000000000000000000000000000000000000000000000000000000000000000000000000000
 0,0001054742256157412700000000000000000000000000000000000000000000000000000000000000000000000000000000
 0,0001037676215281376400000000000000000000000000000000000000000000000000000000000000000000000000000000
 0,0001021154237860543400000000000000000000000000000000000000000000000000000000000000000000000000000000
 0,0001005150718074674200000000000000000000000000000000000000000000000000000000000000000000000000000000
 0,0000989641631180280300000000000000000000000000000000000000000000000000000000000000000000000000000000
